-0.132004,0,-0.991262,0,0,1,0,0,0.991262,0,-0.132004,0,23.4922,0,0.13254,1|
-0.996688,0,0.0815032,0,0,1,0,0,-0.0815032,0,-0.996688,0,23.4922,0,0.13254,1|
-0.999151,0,0.0415812,0,0,1,0,0,-0.0415812,0,-0.999151,0,25.4058,0,-0.0239461,1|
0.0307918,0,0.999543,0,0,1,0,0,-0.999543,0,0.0307918,0,25.4058,0,-0.0239461,1|
0.0307918,0,0.999543,0,0,1,0,0,-0.999543,0,0.0307918,0,25.2672,0,-4.5219,1|
0.996821,0,-0.079916,0,0,1,0,0,0.079916,0,0.996821,0,25.2672,0,-4.5219,1|
0.996821,0,-0.079916,0,0,1,0,0,0.079916,0,0.996821,0,-6.07256,0,-2.00928,1|
